BW 0
100 100  25   0   0   0   0   0
100 100   0  25   0   0   0   0
 25   0 100 100   0   0   0   0
  0  25 100 100   0   0   0   0
  0   0   0   0 100 100  25   0
  0   0   0   0 100 100   0  25
  0   0   0   0  25   0 100 100
  0   0   0   0   0  25 100 100
END

BW 1
100 100   0   0  25   0   0   0
100 100   0   0   0  25   0   0
  0   0 100 100   0   0  25   0
  0   0 100 100   0   0   0  25
 25   0   0   0 100 100   0   0
  0  25   0   0 100 100   0   0
  0   0  25   0   0   0 100 100
  0   0   0  25   0   0 100 100
END
