BW 0
10  100  0  0  0  0  0  0  0  0  0  0  0  0  0  0 
 100 10  100  0  0  0  0  0  0  0  0  0  0  0  0  0 
 0  100 10  100  0  0  0  0  0  0  0  0  0  0  0  0 
 0  0  100 10  0  0  0  0  0  0  0  0  0  0  0  0 
 0  0  0  0 10  100  0  0  0  0  0  0  0  0  0  0 
 0  0  0  0  100 10  100  0  0  0  0  0  0  0  0  0 
 0  0  0  0  0  100 10  100  0  0  0  0  0  0  0  0 
 0  0  0  0  0  0  100 10  0  0  0  0  0  0  0  0 
 0  0  0  0  0  0  0  0 10  100  0  0  0  0  0  0
 0  0  0  0  0  0  0  0  100 10  100  0  0  0  0  0
 0  0  0  0  0  0  0  0  0  100 10  100  0  0  0  0
 0  0  0  0  0  0  0  0  0  0  100 10  0  0  0  0
 0  0  0  0  0  0  0  0  0  0  0  0 10  100  0  0
 0  0  0  0  0  0  0  0  0  0  0  0  100 10  100  0
 0  0  0  0  0  0  0  0  0  0  0  0  0  100 10  100
 0  0  0  0  0  0  0  0  0  0  0  0  0  0  100 10
END

BW 1
10  0  0  0  100  0  0  0  0  0  0  0  0  0  0  0 
 0 10  0  0  0  100  0  0  0  0  0  0  0  0  0  0 
 0  0 10  0  0  0  100  0  0  0  0  0  0  0  0  0 
 0  0  0 10  0  0  0  100  0  0  0  0  0  0  0  0 
 100  0  0  0 10  0  0  0  100  0  0  0  0  0  0  0 
 0  100  0  0  0 10  0  0  0  100  0  0  0  0  0  0 
 0  0  100  0  0  0 10  0  0  0  100  0  0  0  0  0 
 0  0  0  100  0  0  0 10  0  0  0  100  0  0  0  0 
 0  0  0  0  100  0  0  0 10  0  0  0  100  0  0  0
 0  0  0  0  0  100  0  0  0 10  0  0  0  100  0  0
 0  0  0  0  0  0  100  0  0  0 10  0  0  0  100  0
 0  0  0  0  0  0  0  100  0  0  0 10  0  0  0  100
 0  0  0  0  0  0  0  0  100  0  0  0 10  0  0  0
 0  0  0  0  0  0  0  0  0  100  0  0  0 10  0  0
 0  0  0  0  0  0  0  0  0  0  100  0  0  0 10  0
 0  0  0  0  0  0  0  0  0  0  0  100  0  0  0 10
END

