BW 0
450.000000 50.000000 450.000000 0.000000 0.000000 0.000000 0.000000 0.000000
50.000000 450.000000 0.000000 450.000000 0.000000 0.000000 0.000000 0.000000
450.000000 0.000000 450.000000 50.000000 0.000000 0.000000 0.000000 0.000000
0.000000 450.000000 50.000000 450.000000 0.000000 0.000000 0.000000 0.000000
0.000000 0.000000 0.000000 0.000000 450.000000 50.000000 450.000000 0.000000
0.000000 0.000000 0.000000 0.000000 50.000000 450.000000 0.000000 450.000000
0.000000 0.000000 0.000000 0.000000 450.000000 0.000000 450.000000 50.000000
0.000000 0.000000 0.000000 0.000000 0.000000 450.000000 50.000000 450.000000
END

BW 1
450.000000 50.000000 450.000000 0.000000 0.000000 0.000000 0.000000 0.000000
50.000000 450.000000 0.000000 450.000000 0.000000 0.000000 0.000000 0.000000
450.000000 0.000000 450.000000 50.000000 0.000000 0.000000 0.000000 0.000000
0.000000 450.000000 50.000000 450.000000 0.000000 0.000000 0.000000 0.000000
0.000000 0.000000 0.000000 0.000000 450.000000 50.000000 450.000000 0.000000
0.000000 0.000000 0.000000 0.000000 50.000000 450.000000 0.000000 450.000000
0.000000 0.000000 0.000000 0.000000 450.000000 0.000000 450.000000 50.000000
0.000000 0.000000 0.000000 0.000000 0.000000 450.000000 50.000000 450.000000
END

BW 2
450.000000 50.000000 450.000000 0.000000 0.000000 0.000000 0.000000 0.000000
50.000000 450.000000 0.000000 450.000000 0.000000 0.000000 0.000000 0.000000
450.000000 0.000000 450.000000 50.000000 0.000000 0.000000 0.000000 0.000000
0.000000 450.000000 50.000000 450.000000 0.000000 0.000000 0.000000 0.000000
0.000000 0.000000 0.000000 0.000000 450.000000 50.000000 450.000000 0.000000
0.000000 0.000000 0.000000 0.000000 50.000000 450.000000 0.000000 450.000000
0.000000 0.000000 0.000000 0.000000 450.000000 0.000000 450.000000 50.000000
0.000000 0.000000 0.000000 0.000000 0.000000 450.000000 50.000000 450.000000
END

BW 3
450.000000 0.000000 450.000000 0.000000 50.000000 0.000000 0.000000 0.000000
0.000000 450.000000 0.000000 450.000000 0.000000 50.000000 0.000000 0.000000
450.000000 0.000000 450.000000 0.000000 0.000000 0.000000 50.000000 0.000000
0.000000 450.000000 0.000000 450.000000 0.000000 0.000000 0.000000 50.000000
50.000000 0.000000 0.000000 0.000000 450.000000 0.000000 450.000000 0.000000
0.000000 50.000000 0.000000 0.000000 0.000000 450.000000 0.000000 450.000000
0.000000 0.000000 50.000000 0.000000 450.000000 0.000000 450.000000 0.000000
0.000000 0.000000 0.000000 50.000000 0.000000 450.000000 0.000000 450.000000
END

